         1         4         4     11.00 
         1         4         5     11.00 
         1         4         6     11.00 
         1         4         7     11.00 
         1         5         3     11.00 
         1         5         4     11.00 
         1         5         5     11.00 
         1         5         6     11.00 
         1         5         7     11.00 
         1         6         3     11.00 
         1         6         4     11.00 
         1         6         5     11.00 
         1         6         6     11.00 
         1         6         7     11.00 
         1         7         3     11.00 
         1         7         4     11.00 
         1         7         5     11.00 
         1         7         6     11.00 
         1         7         7     11.00 
         1         8         3     11.00 
         1         8         4     11.00 
         1         8         5     11.00 
         1         8         6     11.00 
         1         8         7     11.00 
         1         9         3     11.00 
         1         9         4     11.00 
         1         9         5     11.00 
         1         9         6     11.00 
         1         9         7     11.00 
         1        10         3     11.00 
         1        10         4     11.00 
         1        10         5     11.00 
         1        10         6     11.00 
         1        10         7     11.00 
         1        10         8     11.00 
         1        11         4     11.00 
         1        11         5     11.00 
         1        11         6     11.00 
         1        11         7     11.00 
         1        11         8     11.00 
         1        12         4     11.00 
         1        12         5     11.00 
         1        12         6     11.00 
         1        12         7     11.00 
         1        12         8     11.00 
         1        12         9     11.00 
         1        13         5     11.00 
         1        13         6     11.00 
         1        13         7     11.00 
         1        13         8     11.00 
         1        13         9     11.00 
         1        14         5     11.00 
         1        14         6     11.00 
         1        14         7     11.00 
         1        14         8     11.00 
         1        14         9     11.00 
         1        15         5     11.00 
         1        15         6     11.00 
         1        15         7     11.00 
         1        15         8     11.00 
         1        15         9     11.00 
         1        16         6     11.00 
         1        16         7     11.00 
         1        16         8     11.00 
         1        16         9     11.00 
